59 97 24 68 64 93 59 87 4 73 39 54 68 70 10 59 73 83 59 42 59 84 84 88 92
38 74 14 28 4 17 62 35 50 8 61 91 66 16 5 8 12 3 10 8 34 31 33 75
59 88 62 76 74 3 61 13 61 32 60 10 43 58 6 71 12 68 13 22 49 46 61 26 65 64 23 67 67 10 4 25 16 62 67 76 3 6 10 16 63 24 70 67 75
38 34 59 99 54 76 77 39 65 42 16 64 91 59 98 71 35 67 59 64 86 33 8 34 13 62 80 83 40 52 75
59 82 83 53 9 28 4 59 69 25 6 26 65 52 12 51 10 13 22 49 46 61 16 5 40 6 62 17 76 63 7 23 75
56 61 71 12 68 58 48 19 77 67 43 40 61 47 13 61 32 60 10 41 62 86 61 59 25 86 64 68 71 66 18 11 61 70 59 94 87 75
38 21 30 28 27 59 63 35 5 66 22 66 17 66 47 59 3 56 84 82 26 63 72 24 3 61 67 75
57 44 45 41 24 72 67 41 22 70 50 59 55 77 60 42 59 29 67 39 48 66 33 75
57 7 66 7 23 82 63 61 23 28 4 26 64 72 71 68 32 17 44 45 13 63 79 12 65 83 75
59 95 82 96 43 59 55 63 69 12 73 4 25 59 76 64 51 9 17 44 45 4 68 69 5 63 53 73 67 75
